%YAML:1.0
---
calibration_time: "2019年11月19日 星期二 10时42分38秒"
nframes: 26
image_width: 1920
image_height: 1080
board_width: 6
board_height: 9
square_size: 1.
flags: 0
camera_matrix: !!opencv-matrix
   rows: 3
   cols: 3
   dt: d
   data: [ 1.2569721626318953e+03, 0., 9.5055830806728716e+02, 0.,
       1.2621996473938034e+03, 5.4822147324908133e+02, 0., 0., 1. ]
distortion_coefficients: !!opencv-matrix
   rows: 5
   cols: 1
   dt: d
   data: [ -4.4342392208103704e-01, 1.6784196677075039e-01,
       -1.8604324319240962e-04, 1.4618546375567989e-03, 0. ]
avg_reprojection_error: 1.4040908112160164e+00
per_view_reprojection_errors: !!opencv-matrix
   rows: 26
   cols: 1
   dt: f
   data: [ 5.94071686e-01, 3.30735415e-01, 2.85212547e-01,
       5.01596630e-01, 4.17436242e-01, 3.21524948e-01, 5.69699466e-01,
       4.64218438e-01, 5.03956139e-01, 5.10096550e-01, 8.42184424e-01,
       2.67501742e-01, 2.82352775e-01, 1.74732298e-01, 4.42960358e+00,
       3.73939157e-01, 5.16237974e+00, 1.13074541e+00, 2.69938082e-01,
       2.86044151e-01, 1.84143499e-01, 2.32622996e-01, 2.26078704e-01,
       2.36902907e-01, 2.50494301e-01, 3.70665282e-01 ]
extrinsic_parameters: !!opencv-matrix
   rows: 26
   cols: 6
   dt: d
   data: [ 1.2970705209722072e-01, 8.4186384671277328e-02,
       7.9704607458106647e-02, -2.2198034890477472e-01,
       -6.7634386921290410e+00, 1.9694555164144081e+01,
       1.7016696826427433e-01, 6.0758637830660593e-02,
       6.7860557479820491e-02, 5.1905714817245796e-01,
       -4.0910233599175188e+00, 2.1357721791870730e+01,
       1.6878643024707565e-01, 6.2627465915009117e-02,
       7.4853873371576785e-02, 6.5299424936786266e-01,
       -4.1490323999463881e+00, 2.1600779138467825e+01,
       -5.6537533269569651e-01, 5.1729106176016400e-02,
       6.1711937204145237e-02, 1.0864404777475960e+00,
       -4.4262941842251582e+00, 2.7508697056404880e+01,
       -5.6370203200702178e-02, 5.4517165593488244e-02,
       8.2523793686942307e-02, 1.4178994511005860e+00,
       -4.3735397814749444e+00, 2.4765605710044682e+01,
       7.7161896723522305e-02, -2.1864601123966587e-01,
       7.1556196098301841e-02, 1.2695293663556659e+00,
       -3.9833599897157885e+00, 2.2763422259862800e+01,
       6.6649006417202894e-02, -6.7732498755811277e-01,
       3.5981955325588663e-02, 1.4057451284505094e+00,
       -3.9848577729005354e+00, 2.2893482247533939e+01,
       5.4371523494380826e-02, -9.5316668862084286e-01,
       1.3210107975268700e-02, 1.2034823409783628e+00,
       -4.5036886204468809e+00, 2.3920815505082373e+01,
       8.7368979318630136e-02, 4.9476202098170929e-01,
       -4.7551559938880376e-02, 3.4506699135957732e+00,
       -5.5049093729781200e+00, 2.4508309924351241e+01,
       2.7067029134299431e-01, 1.1790131229158698e+00,
       -5.5233858517049483e-02, 6.7409306144410284e+00,
       -4.6777246708401146e+00, 2.7956589995992903e+01,
       3.0375846105189264e-01, 8.5673092618370839e-01,
       -2.9336988523904258e-02, 4.4258896498700029e+00,
       -5.1368562353597165e+00, 2.5939959731300579e+01,
       4.2646729744364342e-01, 2.1663899988110805e-01,
       2.9541970385719221e-03, 7.4132757449661435e+00,
       -3.7096900231927057e+00, 3.9812781193017720e+01,
       8.8444232823510452e-02, 2.8308653462874317e-01,
       6.1638229545370862e-02, 7.1861926737376569e+00,
       -3.9583608998357858e+00, 4.2666590372538899e+01,
       -6.2782062103425207e-01, 2.7341908923300168e-01,
       9.7607423943608551e-02, 9.0071573410038646e+00,
       -4.2231457555294725e+00, 4.8544845960733184e+01,
       -1.1032228584218156e+00, 3.0308799490034660e-01,
       1.6264652979739158e-01, 9.1496889330889140e+00,
       -5.5202574378135054e+00, 4.9001687036083105e+01,
       8.2034772515639620e-02, -3.8777032474102197e-01,
       -1.0376913341502542e-01, 8.7310206305564169e+00,
       -6.4438610766484503e+00, 4.0503965995851068e+01,
       6.0054854886289116e-02, -8.3870914693373610e-01,
       -1.1954628764962243e-01, 1.2209483442789725e+01,
       -6.7149385046397709e+00, 3.7204871538047875e+01,
       1.2456553522757564e-01, 2.9325630481084186e-01,
       -8.4766647982009488e-02, 6.4920565832339365e+00,
       -4.5174776362906668e+00, 3.8700239985190429e+01,
       2.6037563058801938e-01, 1.1282731940828934e+00,
       -5.2632640841235923e-02, 5.6265922817912797e+00,
       -5.1309172209682119e+00, 4.3951148492040446e+01,
       -1.4755365621153118e-02, 1.0711643173710159e+00,
       6.7814456914064999e-02, 7.8144128933548389e+00,
       -4.1896035821232163e+00, 4.5850736121321027e+01,
       -7.3330368957816672e-01, 2.8779399181827381e-01,
       1.4036588893034427e-01, 7.7191406185625073e+00,
       2.1424852669303815e+00, 4.5730738524623845e+01,
       -1.1661100455945002e+00, 2.3579160008873787e-01,
       1.5216615453976898e-01, 7.3060552842779147e+00,
       6.4561349228480429e+00, 4.6976299372185714e+01,
       2.8662478316107204e-01, 4.8459757973667091e-02,
       -4.3719737805058145e-01, 5.3740790444963862e+00,
       -2.4561040861916830e+00, 3.9555921158444541e+01,
       -3.4847647217597666e-01, 5.2512356491519996e-01,
       -4.2562792894406726e-01, 5.2242304584561889e+00,
       9.2787438999172311e-01, 3.5634026206640520e+01,
       2.1697824056193568e-01, -1.2834035348801426e-01,
       -5.2497260874285023e-01, 5.8788755203217391e-01,
       -2.3394070515982084e+00, 3.4360402269102096e+01,
       7.4000101167328125e-01, 4.7199897829283655e-01,
       6.6026877612821200e-01, 4.9014870451649371e+00,
       -5.3921132661092299e+00, 3.3036950384111243e+01 ]
