%YAML:1.0
---
images:
   - "./../img/1573528344_1.png"
   - "./../img/1573528345_1.png"
   - "./../img/1573528346_1.png"
   - "./../img/1573528348_1.png"
   - "./../img/1573528351_1.png"
   - "./../img/1573528352_1.png"
   - "./../img/1573528353_1.png"
   - "./../img/1573528354_1.png"
   - "./../img/1573528356_1.png"
   - "./../img/1573528357_1.png"
   - "./../img/1573528358_1.png"
   - "./../img/1573528360_1.png"
   - "./../img/1573528361_1.png"
   - "./../img/1573528362_1.png"
   - "./../img/1573528363_1.png"
   - "./../img/1573528364_1.png"
   - "./../img/1573528365_1.png"
   - "./../img/1573528366_1.png"
   - "./../img/1573528367_1.png"
   - "./../img/1573528368_1.png"
   - "./../img/1573528369_1.png"
   - "./../img/1573528370_1.png"
   - "./../img/1573528374_1.png"
   - "./../img/1573528375_1.png"
   - "./../img/1573528377_1.png"
   - "./../img/1573528382_1.png"
   - "./../img/1573528387_1.png"
   - "./../img/1573528388_1.png"
