%YAML:1.0
---
calibration_time: "2019年11月19日 星期二 16时57分14秒"
nframes: 22
image_width: 1920
image_height: 1080
board_width: 9
board_height: 6
square_size: 1.
flags: 0
camera_matrix: !!opencv-matrix
   rows: 3
   cols: 3
   dt: d
   data: [ 1.0329882684957965e+03, 0., 9.5688701731044944e+02, 0.,
       1.0331215351837773e+03, 5.5962973134002812e+02, 0., 0., 1. ]
distortion_coefficients: !!opencv-matrix
   rows: 5
   cols: 1
   dt: d
   data: [ -3.9169243102075224e-01, 2.7206894686564936e-01,
       8.9202078603438514e-04, 3.0997703887055875e-05, 0. ]
avg_reprojection_error: 2.1083984983021783e-01
per_view_reprojection_errors: !!opencv-matrix
   rows: 22
   cols: 1
   dt: f
   data: [ 2.16905519e-01, 2.23283038e-01, 1.98591590e-01,
       2.16095328e-01, 1.87377632e-01, 2.09334910e-01, 2.95841426e-01,
       2.14818120e-01, 1.55005515e-01, 1.56260118e-01, 2.00447291e-01,
       2.80880541e-01, 2.32656658e-01, 2.56543756e-01, 2.38827750e-01,
       1.99921146e-01, 1.73337132e-01, 1.68909788e-01, 1.64225474e-01,
       1.98475137e-01, 1.82047188e-01, 1.99470267e-01 ]
extrinsic_parameters: !!opencv-matrix
   rows: 22
   cols: 6
   dt: d
   data: [ 3.0758230658987068e-01, 7.8315841403504005e-01,
       -2.9091895595287185e+00, 5.2805891480496276e+00,
       -3.3830480513092835e+00, 3.2906599372589596e+01,
       1.6157430325931349e-01, 7.4279512443804063e-01,
       -2.9341643436256417e+00, 5.6714266181957100e+00,
       -4.2808239331260216e+00, 3.1374661441277532e+01,
       -1.6386330108849625e-01, 7.8680022066377542e-01,
       -2.8689547298722404e+00, 4.0866828280896410e+00,
       -3.6750444205314521e+00, 3.2011365016664392e+01,
       -7.6774253724221322e-02, 3.5156515534461213e-01,
       -2.9789049476754395e+00, 5.4820570141356093e+00,
       -4.2802490346957835e+00, 3.2177945740318307e+01,
       -9.0817563422138162e-03, -2.0874036369376919e-01,
       -2.9737123480808543e+00, 5.6599607455337342e+00,
       -4.2019449231009647e+00, 3.3460152483728223e+01,
       2.7336305017422440e-02, -6.7634001502445418e-01,
       -2.8911832708939476e+00, 5.9137893955131320e+00,
       -3.0612672946391637e+00, 3.4803249722037663e+01,
       6.1248913511174535e-02, -1.1692656758867894e+00,
       -2.7334803186328407e+00, 6.1867714687647810e+00,
       -2.8074846134746978e+00, 3.6199447863553395e+01,
       3.4827449237761529e-02, -6.2848704952572565e-01,
       -2.8697820681689326e+00, 5.5969939290897708e+00,
       -5.4945974731472935e+00, 3.5968384751791618e+01,
       -3.7730761621677780e-02, 8.4898822544038036e-02,
       -2.9338158959760636e+00, 6.2496953902053383e+00,
       -4.9094633216959984e+00, 3.5304221291335018e+01,
       -1.0416716562005106e-01, 5.7433601273704660e-01,
       -2.8935846992175955e+00, 5.4869356401287916e+00,
       -4.0806335906005735e+00, 3.5697232368736969e+01,
       -1.5908197293232262e-01, 1.1103139118783789e+00,
       -2.7481285116543033e+00, 5.5466363085077415e+00,
       -3.3938711128825299e+00, 3.5702074428036781e+01,
       -1.9500957048300521e-01, 1.5430236184717063e+00,
       -2.5498769043317888e+00, 5.4001829433457846e+00,
       -2.4748016200204361e+00, 3.6198423483041566e+01,
       -3.3562447221164166e-01, 1.0214957668034645e+00,
       -2.7049441034460133e+00, 5.9690193912347134e+00,
       -2.0447531142950535e+00, 3.7415855895750610e+01,
       -8.9711437191924481e-01, 9.7314991079507129e-01,
       -2.4230216135338956e+00, 5.9250249836183198e+00,
       -1.7835948455110784e+00, 3.7432479843301145e+01,
       -1.0067460306108074e+00, 5.8293636521411918e-01,
       -2.3486768171497339e+00, 4.7339544480914739e+00,
       -2.5254672144895114e+00, 3.8230424067849960e+01,
       4.6265209524685819e-01, -1.0917240397076944e+00,
       2.7844657267849784e+00, 5.4785476420035684e+00,
       -7.0461814297001322e+00, 3.8254743510573405e+01,
       -2.2689656860718432e-01, -7.5452654476533332e-01,
       2.8687130801062524e+00, 6.0042819788596438e+00,
       -8.2517595166019575e+00, 3.9922862510624952e+01,
       4.8393141214037622e-01, 5.0237888147523158e-01,
       -2.9443846691268321e+00, 5.1493228126870898e+00,
       -6.8808474449345081e+00, 4.2463977648082732e+01,
       -6.2501868596277488e-01, -4.7962812128392478e-02,
       2.9078708925962435e+00, 2.6896016789811146e+00,
       -8.4933299132720155e+00, 4.4704397746696799e+01,
       -8.9300308424986852e-01, -1.5592388879022229e-01,
       2.3890532788610703e+00, 6.0587124257195035e-01,
       -9.9376802216185816e+00, 4.6501948660306226e+01,
       -6.9662091313832086e-01, -2.4019050281089246e-01,
       2.2007026795968185e+00, 1.1230323676005904e+00,
       -1.1226973839941296e+01, 4.4406401591461254e+01,
       -2.0405958199315935e-01, 5.4038730840561267e-01,
       3.0105685447371520e+00, 5.8228982878580569e+00,
       -7.1430620298478695e+00, 4.6917883522882569e+01 ]
