%YAML:1.0
---
calibration_time: "2019年11月19日 星期二 17时24分55秒"
nframes: 32
image_width: 1920
image_height: 1080
board_width: 9
board_height: 6
square_size: 1.
flags: 0
camera_matrix: !!opencv-matrix
   rows: 3
   cols: 3
   dt: d
   data: [ 1.0742771615770912e+03, 0., 1.0227540842258931e+03, 0.,
       1.0555078850490327e+03, 5.3298936307850840e+02, 0., 0., 1. ]
distortion_coefficients: !!opencv-matrix
   rows: 5
   cols: 1
   dt: d
   data: [ -5.4853935543286070e-01, 3.3887964487212441e-01,
       -2.3182147334048386e-02, -6.6961995637422195e-03, 0. ]
avg_reprojection_error: 4.6059084576243797e-01
per_view_reprojection_errors: !!opencv-matrix
   rows: 32
   cols: 1
   dt: f
   data: [ 1.92955285e-01, 2.76314169e-01, 2.39468947e-01,
       3.06616902e-01, 5.77211797e-01, 5.63103795e-01, 4.23711568e-01,
       2.68394440e-01, 2.00915202e-01, 1.85633913e-01, 1.78557679e-01,
       1.73110098e-01, 2.32432395e-01, 2.39662036e-01, 2.29660913e-01,
       2.26272926e-01, 2.63870627e-01, 3.23402077e-01, 2.33675703e-01,
       1.99234053e-01, 2.28630736e-01, 5.71070433e-01, 9.43731189e-01,
       1.02909124e+00, 3.08724314e-01, 4.49936688e-01, 7.47256696e-01,
       6.12368226e-01, 5.30915141e-01, 3.67658079e-01, 5.96058786e-01,
       8.18363547e-01 ]
extrinsic_parameters: !!opencv-matrix
   rows: 32
   cols: 6
   dt: d
   data: [ -1.5775562684793537e-01, -6.3895639274756844e-01,
       3.0708008157054567e+00, 2.9197265808917927e+00,
       -5.5335156503317116e+00, 3.7251227650484722e+01,
       7.0649790994636377e-02, 6.5825959516811783e-01,
       -2.9739123036196817e+00, 9.4331509270118641e-01,
       -2.3110617201477304e+00, 3.2927684202153628e+01,
       1.7014735048184688e-02, 6.8917638892178812e-01,
       -2.9812741345297233e+00, 1.6095870569587212e+00,
       -4.9686596708223068e+00, 3.1048519921823086e+01,
       -2.4607824915258898e-03, 1.1684760175815887e+00,
       -2.8655025622001848e+00, 2.7821239492797960e+00,
       -6.8817308812236293e+00, 3.2456180435894950e+01,
       -1.0358415614519050e-02, 1.6292218045740081e+00,
       -2.6154961587911418e+00, 2.3408604364689274e+00,
       -6.7541380742976180e+00, 3.3647485474967311e+01,
       2.0992435572756416e-03, 1.4231210484779102e+00,
       -2.7079654885411828e+00, 1.4395401900463483e+00,
       -5.0271556115640781e+00, 3.4683955009041718e+01,
       2.3847903182017054e-02, 1.0927494050209934e+00,
       -2.8547904458919615e+00, 9.7184837570835259e-01,
       -5.1998893798311556e+00, 3.5081522758139492e+01,
       4.0591218969309846e-02, 7.1281526640860726e-01,
       -2.9665544461096913e+00, 1.0728342968433657e+00,
       -5.0049794039577096e+00, 3.5273436756124994e+01,
       3.4877825763249416e-02, 4.0223516521962394e-01,
       -3.0091287963674307e+00, 9.6472858248454729e-01,
       -5.1741172564422122e+00, 3.5653155541427346e+01,
       4.1610796575100292e-02, 5.0910969613473453e-02,
       -3.0440117083754124e+00, 1.0222826939195435e+00,
       -5.4023672019880769e+00, 3.5965209903332536e+01,
       8.5715877559065831e-02, -2.1177193149068327e-01,
       -3.0569225328838834e+00, 8.1790410727733154e-01,
       -5.0824157300712791e+00, 3.6218241588128301e+01,
       1.2234236868239079e-01, -4.8354333225621920e-01,
       -3.0550387629355837e+00, 1.1888888780635418e+00,
       -5.1851675944834605e+00, 3.5588545011875617e+01,
       1.4491838308503990e-01, -7.5149641989444504e-01,
       -2.9393348906995671e+00, 1.9849306108472586e+00,
       -5.4236029394186822e+00, 3.2467329909668138e+01,
       1.7425029795385610e-01, -1.0602112076608607e+00,
       -2.9004821413799373e+00, 2.5618515950373935e+00,
       -6.1586742782434918e+00, 3.0836823219099308e+01,
       3.3661987582801400e-01, -6.3403911607197982e-01,
       -2.9368100626639762e+00, 1.8448095003996763e+00,
       -5.7936894655716324e+00, 3.0883383338202844e+01,
       -6.9491008138644617e-01, 3.1779566520286701e-01,
       2.9980600438090668e+00, 1.3496085222523460e+00,
       -5.7428391997891275e+00, 3.2290575732876015e+01,
       -9.6611744326863813e-01, 1.0727519365574494e-01,
       2.7640137408193262e+00, 1.3629593475879727e+00,
       -5.6440419942502595e+00, 3.2836083601650955e+01,
       -1.1139341020058557e+00, -9.2182774104101597e-02,
       2.3937349239077044e+00, 1.8247865522514899e+00,
       -6.1462339649041615e+00, 3.3666574262527426e+01,
       -9.8027957403629340e-01, -3.9432401318409627e-01,
       2.3844215467230829e+00, 2.1009885417246572e+00,
       -6.2738018383491791e+00, 3.3701291696611300e+01,
       -3.9981100087496607e-01, -6.1547222490194786e-01,
       2.7786680146518981e+00, 2.7520530949955506e+00,
       -6.1779269195283533e+00, 3.2349939636021254e+01,
       1.4785785879157338e-02, -7.0051902253105858e-01,
       2.9831875267936887e+00, 3.1514912333634477e+00,
       -5.0442716177664941e+00, 3.2725457952390201e+01,
       -6.0029477648728902e-01, 7.9987630697994061e-01,
       -2.8591350182286135e+00, 2.5077022708110852e+00,
       -4.3667072572163708e+00, 3.2397915187333261e+01,
       -1.0328900676296586e+00, 8.7425992678651387e-01,
       -2.4787940353577218e+00, 6.2848308599669422e-01,
       -3.4913948964324826e+00, 3.2173183984256262e+01,
       -1.1387507928541947e+00, 8.9046488248141598e-01,
       -2.3173242419020736e+00, -4.9990041353340509e-01,
       -2.6706670018571139e+00, 3.2370868943645206e+01,
       2.6321700634382084e-01, -4.6287317409395062e-01,
       2.9723106880274455e+00, 3.5387154406495323e+00,
       -7.9588302262521724e+00, 3.2345802347778445e+01,
       -3.2342966846803300e-01, -4.9563402394339084e-01,
       2.4224488335946708e+00, 3.4944701515633785e+00,
       -1.0851530685151817e+01, 3.1833281863968732e+01,
       5.8771630832914445e-01, -7.7345612405549835e-01,
       2.6794671625236859e+00, 3.0766323381826677e+00,
       -6.4320258528555163e+00, 2.6356175160570796e+01,
       4.4583592675328043e-01, -6.1994716380286230e-01,
       2.2321296761139688e+00, 2.8467797900113085e+00,
       -7.8619005953151682e+00, 2.8313265335249653e+01,
       -3.7649041667799932e-01, 6.8698279029791065e-01,
       -2.6479074361784867e+00, 1.7494622797726640e+00,
       -2.1307797649159710e+00, 3.1004123523725596e+01,
       5.4435298431538565e-03, -6.8116632434985824e-01,
       2.8870812774168959e+00, 2.6800099261635983e+00,
       -5.3568526387069868e+00, 3.1311992627056245e+01,
       2.9489224907098144e-01, -8.3042780550636497e-01,
       2.8191629218180267e+00, 2.4853718084883893e+00,
       -5.8366578695281124e+00, 3.0662909522959357e+01,
       9.7759868867824222e-03, 5.7143815667318465e-01,
       -2.7991385902014483e+00, 1.0301549439546371e+00,
       -3.2493650875944349e+00, 3.2464152199013981e+01 ]
