%YAML:1.0
---
calibration_time: "2019年11月19日 星期二 17时18分35秒"
nframes: 34
image_width: 1920
image_height: 1080
board_width: 9
board_height: 6
square_size: 1.
flags: 0
camera_matrix: !!opencv-matrix
   rows: 3
   cols: 3
   dt: d
   data: [ 1.0541843667962380e+03, 0., 9.8756275591670294e+02, 0.,
       1.0521705221093421e+03, 5.9429071038736822e+02, 0., 0., 1. ]
distortion_coefficients: !!opencv-matrix
   rows: 5
   cols: 1
   dt: d
   data: [ -4.3607591894360614e-01, 2.3847840871189613e-01,
       1.4512241676144144e-03, -8.5002269767194319e-04, 0. ]
avg_reprojection_error: 3.2738275638597575e-01
per_view_reprojection_errors: !!opencv-matrix
   rows: 34
   cols: 1
   dt: f
   data: [ 2.41068199e-01, 2.31835768e-01, 2.82036453e-01,
       2.93536872e-01, 3.20946693e-01, 3.18040371e-01, 3.24930072e-01,
       2.63273120e-01, 2.33975604e-01, 2.12812379e-01, 2.24529862e-01,
       3.00111473e-01, 3.95029396e-01, 5.46729445e-01, 6.00727558e-01,
       2.47940674e-01, 2.39709988e-01, 2.72503555e-01, 3.02725524e-01,
       3.49597275e-01, 4.03439879e-01, 4.40273523e-01, 2.93247372e-01,
       2.57901996e-01, 2.43651047e-01, 2.59359121e-01, 3.13558578e-01,
       3.50315273e-01, 2.75143862e-01, 2.65344828e-01, 3.85268688e-01,
       2.50106931e-01, 3.72369260e-01, 4.14171726e-01 ]
extrinsic_parameters: !!opencv-matrix
   rows: 34
   cols: 6
   dt: d
   data: [ 3.4453881169729160e-02, 2.7337791739364792e-01,
       -3.0238669510375416e+00, 4.5492135765794268e+00,
       6.2009867238501903e-01, 2.6789911574610922e+01,
       4.7039440163997911e-03, -3.5021748274427368e-02,
       -2.9989243441670248e+00, 5.0126548315647499e+00,
       1.6428564200404581e+00, 2.5795280924420467e+01,
       3.2013497232233505e-02, -4.6888861867824694e-01,
       -2.9710460444200542e+00, 4.3869583776051213e+00,
       1.6613520737532386e+00, 2.4885424992138738e+01,
       1.0327808783412826e-01, -8.1334893511649986e-01,
       -2.8913748491291460e+00, 4.5777024274849500e+00,
       2.1048696402417835e+00, 2.5506678775848282e+01,
       1.3384480757952660e-01, -1.1801307128638936e+00,
       -2.7684461232130770e+00, 4.5706230875414402e+00,
       2.1425587655476646e+00, 2.4626570096447477e+01,
       1.0462143348981869e-01, -1.4441755658895601e+00,
       -2.6579075973779234e+00, 4.7177449079666660e+00,
       2.2389327545676361e+00, 2.4854955747250269e+01,
       8.4823350826475366e-02, -1.4285979281552050e+00,
       -2.6242031074404180e+00, 4.4075359449180249e+00,
       1.5085087564500193e+00, 2.5680717298660678e+01,
       7.7926277075606565e-02, -8.1143987590105815e-01,
       -2.8479982486456663e+00, 4.6034652473325144e+00,
       1.7953103179611984e+00, 2.6417957344367899e+01,
       2.0554279914635223e-02, -4.5347388604990135e-01,
       -2.9324108726731688e+00, 5.0987738917850773e+00,
       2.4602071804349794e+00, 2.6090609460032439e+01,
       -1.3177542207069827e-02, 1.0283123645659072e-01,
       -2.9881797416381288e+00, 4.7569498424639516e+00,
       2.1747725823646116e+00, 2.6276241320719414e+01,
       -1.1304099808283327e-02, 6.0154887467909413e-01,
       -2.9373107309708151e+00, 5.2728979630254305e+00,
       1.9358078440600457e+00, 2.6527081562012075e+01,
       -8.3453993141533317e-03, 1.0093885741193398e+00,
       -2.8285526683977413e+00, 5.8022307414314351e+00,
       1.1735772227371803e+00, 2.7011537175716672e+01,
       -1.1842984636654824e-01, 1.3734969601111640e+00,
       -2.6830014153421433e+00, 5.0743385371233396e+00,
       1.1021231680264170e+00, 2.5916144032841498e+01,
       -1.3825359837388101e-01, 1.6755270938209306e+00,
       -2.5058893736607919e+00, 4.1154084541830933e+00,
       -4.3451309094253548e-01, 2.4031555618769815e+01,
       -2.5891079599355632e-01, 1.8211113870187334e+00,
       -2.3604119813867519e+00, 4.6225258047439954e+00,
       -1.7031996820172348e+00, 2.4077122340918532e+01,
       -1.1618666681468418e-01, 6.8017795721855057e-01,
       -2.9161965522775639e+00, 4.4057392993530327e+00,
       1.5117417491717713e+00, 2.4868358187703027e+01,
       1.4581867318506692e-01, 5.7391919465529218e-01,
       -2.9132449646867355e+00, 3.4385386248691381e+00,
       1.4960600876348751e+00, 2.5095370254462864e+01,
       5.4871700123440659e-01, 5.7571039206371810e-01,
       -2.9407284708809436e+00, 2.6208628029121321e+00,
       9.6008304882684492e-01, 2.5427607244725493e+01,
       8.2442795025671556e-01, 6.2788734165929194e-01,
       -2.8956152076532113e+00, 1.5803153808888264e+00,
       3.0859635142193514e-01, 2.6153558542265589e+01,
       1.1227441969411374e+00, 6.5133034004826795e-01,
       -2.8037092869300326e+00, -2.5043865982857194e-01,
       9.0098739767880265e-01, 2.5473672668574785e+01,
       1.3618713439695864e+00, 7.1696176883204532e-01,
       -2.7424367291910499e+00, -2.2044671101000444e+00,
       6.5544952385847033e-01, 2.5013087395675310e+01,
       -1.7132669868572798e+00, -6.9393600290464297e-01,
       2.5102007257675956e+00, -4.6840402342501495e+00,
       -3.7890618671359483e-02, 2.5628118491770142e+01,
       7.0857954037799653e-01, 6.4157833133365816e-01,
       -2.9812369966672279e+00, 3.5378693769404185e-01,
       1.6641216819368945e+00, 2.4325363977320809e+01,
       2.3101966788767703e-01, 5.6445836325528331e-01,
       -2.9313380863034970e+00, 4.1998352072672605e+00,
       3.2343389323573555e+00, 2.3183230268712801e+01,
       -2.5294965031891176e-01, 4.5050231445199884e-01,
       -2.7894578295507944e+00, 4.0310332914029550e+00,
       3.9917565384107494e+00, 2.2162418804211296e+01,
       -5.0857765419170531e-01, 4.1661597213757967e-01,
       -2.6807360376967422e+00, 5.2138971099096194e+00,
       5.1136667376021085e+00, 2.1793499211335654e+01,
       -9.9136942762244629e-01, 2.9328535511725046e-01,
       -2.5137816822424717e+00, 5.6343417981532102e+00,
       6.9037232591554680e+00, 1.9857024899559335e+01,
       -1.3720501401817622e+00, 1.3395761958709537e-01,
       -2.2860018246340461e+00, 5.4952025041741539e+00,
       7.2180258269155013e+00, 1.8989336813182511e+01,
       -9.4474000230510979e-01, -2.7998733300402545e-01,
       -2.4646869314333562e+00, 4.4477018457205748e+00,
       6.8846147556591220e+00, 1.9330590110913967e+01,
       -7.8683420176961372e-01, -5.0751182982544407e-01,
       -2.4557209943886722e+00, 4.0623948927299880e+00,
       6.3326481994650567e+00, 2.0260008822224890e+01,
       2.1648126052411254e-01, -3.3520257467843756e-01,
       -3.0433590106025821e+00, 2.0514014324238894e+00,
       4.2434962395856557e+00, 2.4640302025907818e+01,
       -9.3647515005596205e-01, 6.5128326339542619e-01,
       2.8598718401366394e+00, 1.1305888900002390e+00,
       5.0842077013418390e+00, 2.7740590621177653e+01,
       -2.8447954508823775e-01, 2.5449373763526806e-01,
       2.9355327509138176e+00, 3.5972812122464486e+00,
       3.0147880498500607e-01, 2.5936921406161911e+01,
       9.6723864506087809e-01, -1.2078671215690715e+00,
       2.6387232034037096e+00, 4.8751028779762011e+00,
       -7.6558904728491931e-02, 2.6272181016958044e+01 ]
