%YAML:1.0
---
calibration_time: "2019年11月19日 星期二 17时13分04秒"
nframes: 27
image_width: 1920
image_height: 1080
board_width: 9
board_height: 6
square_size: 1.
flags: 0
camera_matrix: !!opencv-matrix
   rows: 3
   cols: 3
   dt: d
   data: [ 1.0766147859343994e+03, 0., 1.0206386310837573e+03, 0.,
       1.0807723432571072e+03, 5.8022878787378647e+02, 0., 0., 1. ]
distortion_coefficients: !!opencv-matrix
   rows: 5
   cols: 1
   dt: d
   data: [ -4.0643766103698592e-01, 1.9147052374410306e-01,
       1.4066288801443299e-03, -5.3873430693091072e-03, 0. ]
avg_reprojection_error: 3.3395073347700338e-01
per_view_reprojection_errors: !!opencv-matrix
   rows: 27
   cols: 1
   dt: f
   data: [ 3.98071826e-01, 3.56175363e-01, 3.72530490e-01,
       5.38701415e-01, 3.09484780e-01, 4.39228475e-01, 4.73029792e-01,
       3.23597014e-01, 2.49487907e-01, 2.82922715e-01, 3.37725341e-01,
       2.88503081e-01, 3.02840859e-01, 4.19568390e-01, 3.31134409e-01,
       2.14268997e-01, 2.38071591e-01, 2.59711415e-01, 3.46890420e-01,
       2.85839021e-01, 2.33514830e-01, 3.18027854e-01, 2.10550740e-01,
       2.13765383e-01, 2.38659844e-01, 2.87186950e-01, 4.53273922e-01 ]
extrinsic_parameters: !!opencv-matrix
   rows: 27
   cols: 6
   dt: d
   data: [ -4.7387109717378445e-02, 6.6182706702796112e-01,
       -2.5920672289668798e+00, 3.4511119753598556e+00,
       -4.0531020875140324e+00, 3.0185166526551480e+01,
       -1.1711733474745462e-01, 6.2138817346072195e-01,
       -2.6281305467538334e+00, 3.8813317109038126e+00,
       -4.9229249194679312e+00, 2.9692719588373894e+01,
       -1.3052508588781125e-01, 6.1551637398398984e-01,
       -2.6451538450940464e+00, 3.8824357959789437e+00,
       -4.3845440352558658e+00, 2.9376065168498986e+01,
       1.9334946154826052e-01, 7.8650207850654430e-01,
       -2.8185033729315054e+00, 4.8819350993187269e+00,
       -5.6005837022025196e+00, 2.9826004873879018e+01,
       4.6863712677736030e-01, 8.7674165322478248e-01,
       -2.9496248261739111e+00, 5.3735737528999978e+00,
       -6.3316724065482823e+00, 3.0625236271136298e+01,
       -9.2661060107403781e-01, -9.2127750382591955e-01,
       2.7268097284676696e+00, 5.0852786108278822e+00,
       -6.6269124379280004e+00, 3.0861276105281217e+01,
       -1.2003531481975707e+00, -1.0375573122259119e+00,
       2.4990060924776780e+00, 1.2221037550352780e+00,
       -7.6947261659138286e+00, 3.1869988445141303e+01,
       5.9811282197691262e-01, 1.0836256356507192e+00,
       -2.8657992501061855e+00, 3.6079197738953912e+00,
       -7.1106745697655089e+00, 3.1290432670491981e+01,
       -7.3793408642997119e-02, 9.3243825223135246e-01,
       -2.7280015788057006e+00, 5.9967798163731754e+00,
       -5.3286611933071937e+00, 3.0095508537859263e+01,
       -4.8764636933051558e-01, 7.2861397528062488e-01,
       -2.5086253247799450e+00, 5.7350034008480772e+00,
       -4.7385702387743542e+00, 2.9387528051762121e+01,
       -8.6557492669076663e-01, 4.2321299943340235e-01,
       -2.3118968182477455e+00, 2.1038949439752623e+00,
       -3.3268465868359063e+00, 3.0028527467211127e+01,
       -6.4279974222377612e-01, 5.5198648913657622e-01,
       -2.3542078985758228e+00, 4.5490075916874684e+00,
       -3.8834618051104832e+00, 3.1309840332795488e+01,
       -8.0155545523334792e-01, 5.5620240272731192e-01,
       -2.2819281037685593e+00, 4.9302943105178434e+00,
       -2.7650724483162761e+00, 3.0385854202529483e+01,
       -1.1092463102915804e+00, 5.6469210998421682e-01,
       -1.9536513364377039e+00, 4.6538428197542423e+00,
       -3.1366963065983415e+00, 3.0998110623808419e+01,
       -8.3655866842022075e-01, 6.3472830139968983e-01,
       -2.2268690752145401e+00, 4.6129469348579564e+00,
       -3.2311818804234225e+00, 3.1706448648303553e+01,
       -3.9583376589532449e-01, 4.4394182377031488e-01,
       -2.5435443094765207e+00, 3.9667935946633670e+00,
       -2.6252706127319096e+00, 3.1790767038704708e+01,
       -1.0330188847200499e-01, 9.9123966663774751e-02,
       -2.6814095935962721e+00, 4.5583711914565406e+00,
       -1.5287057168521354e+00, 3.1879769804591906e+01,
       -3.7581707569288351e-02, -2.6495399246296103e-01,
       -2.6799122362896513e+00, 4.6893457791912123e+00,
       -6.7683540337140480e-01, 3.2078551667206717e+01,
       3.9310045214770384e-02, -7.3883843145061523e-01,
       -2.6284423269557400e+00, 5.0769275829528979e+00,
       -8.9086211628009515e-01, 3.1658670002656127e+01,
       -1.0036307467246619e-01, 2.2328629120238699e-01,
       -2.7214229895337927e+00, 5.0082466401980659e+00,
       -9.5473718866563895e-01, 3.3195760242768351e+01,
       -2.0951046411251278e-01, 7.3982809378032655e-01,
       -2.6287376755341523e+00, 5.2720025879833727e+00,
       -2.5354384171973479e+00, 3.2706452763833568e+01,
       -3.3478706038691297e-01, 1.2330497589708715e+00,
       -2.4732320246821300e+00, 5.7957525062579061e+00,
       -3.0822948754542274e+00, 3.4032660470851361e+01,
       -4.4508139581570538e-01, 1.3598829269867635e-01,
       -2.1139896779751335e+00, 3.8519714278416344e+00,
       -7.5824403079705538e-01, 3.4597568044171148e+01,
       -1.6911926189778922e-01, 7.4986449075260508e-01,
       -2.9156457703181498e+00, 7.7062547258527569e+00,
       -3.3245974189677359e+00, 3.5401968571133843e+01,
       -5.1337384867879199e-02, -1.1498041826132250e+00,
       2.7847243297402455e+00, 7.8731492705023216e+00,
       -5.8871098545089291e+00, 3.5826753479871172e+01,
       3.1128090342662278e-02, -1.7229021203309067e+00,
       2.5375630672239144e+00, 7.2485951381068991e+00,
       -5.3093541535868018e+00, 3.5781565701234108e+01,
       -2.6494768643123223e-01, 8.5977720130966984e-01,
       -2.4743200786738746e+00, 6.6398469997090936e+00,
       -1.7016789986179108e+00, 3.5014584114357902e+01 ]
