%YAML:1.0
---
calibration_time: "2019年11月19日 星期二 17时03分36秒"
nframes: 24
image_width: 1920
image_height: 1080
board_width: 9
board_height: 6
square_size: 1.
flags: 0
camera_matrix: !!opencv-matrix
   rows: 3
   cols: 3
   dt: d
   data: [ 1.0077947556938947e+03, 0., 9.9031873136437719e+02, 0.,
       1.0056582397718154e+03, 4.9308754327177820e+02, 0., 0., 1. ]
distortion_coefficients: !!opencv-matrix
   rows: 5
   cols: 1
   dt: d
   data: [ -4.7132926720006130e-01, 6.1105916707232055e-01,
       -1.4480349910559011e-03, -4.0893163650300010e-03, 0. ]
avg_reprojection_error: 3.3452040279196732e-01
per_view_reprojection_errors: !!opencv-matrix
   rows: 24
   cols: 1
   dt: f
   data: [ 2.69602329e-01, 2.10098162e-01, 1.80314392e-01,
       2.37904340e-01, 2.28966236e-01, 2.60297745e-01, 2.06273124e-01,
       1.93232328e-01, 2.60271072e-01, 2.21391439e-01, 2.66562283e-01,
       2.27453515e-01, 2.60618776e-01, 1.21164811e+00, 2.42295086e-01,
       2.01218396e-01, 2.15563446e-01, 2.57077157e-01, 2.49581903e-01,
       2.24245086e-01, 1.46337658e-01, 2.31560767e-01, 1.58745527e-01,
       2.82071054e-01 ]
extrinsic_parameters: !!opencv-matrix
   rows: 24
   cols: 6
   dt: d
   data: [ 6.1923638248876325e-02, -8.8938499049854158e-01,
       2.9967003506548591e+00, 9.7498741756631013e-01,
       3.4894133153941065e-01, 3.3088911213143689e+01,
       -8.2346710170766904e-02, -4.9824358349058290e-01,
       3.0521683847791197e+00, 2.9619640533630842e+00,
       -1.3989622841242427e-01, 3.4659207372450908e+01,
       6.8917228609069986e-02, -1.5545486926054572e-01,
       -3.1192497865077136e+00, 2.5462155465178142e+00,
       1.3659989740612957e+00, 3.4346376222845720e+01,
       8.5141506261334002e-02, -6.5820186936731551e-01,
       -2.9486422064700046e+00, 1.8142625985981859e+00,
       1.8240849792818428e+00, 3.4023201167023565e+01,
       -3.2452836320332024e-02, -1.0592495005379856e+00,
       -2.8013103219882556e+00, 1.2863792892890422e+00,
       4.6240563857482710e+00, 3.4197180899055397e+01,
       6.5711239463189408e-02, -1.0552650902558813e+00,
       -2.8186341786442690e+00, 1.1289385887742427e+00,
       2.6611967342661704e+00, 3.5454578477281743e+01,
       -1.2751578584498987e-02, -3.7717475319890975e-01,
       -3.0734677808434481e+00, 8.7081904351068795e-01,
       2.2069243388263766e+00, 3.5855507293004322e+01,
       6.5700347603010523e-02, 2.7692825615205940e-01,
       -3.0706565817885259e+00, 4.4196198504519119e-01,
       1.4855803857567109e+00, 3.6316497003680375e+01,
       1.0815902274689600e-01, 9.7751550962083322e-01,
       -2.9656480997053518e+00, 1.2466567082105344e+00,
       8.6416175869866141e-01, 3.8063487212826402e+01,
       -4.3648955359046565e-01, -7.9324114843445237e-01,
       2.8381277981130038e+00, -3.2182379727790605e-01,
       -4.0027204096605633e+00, 3.9681799760501697e+01,
       -7.7146138050674717e-01, -3.9432740299858343e-01,
       2.4436569408826974e+00, -1.6533846941102071e+00,
       -5.8190358715528205e+00, 4.1047872776205118e+01,
       -1.1275676758273205e+00, -2.9341564093659639e-01,
       2.2075488591433441e+00, -3.5513713625048715e+00,
       -6.2841702122454803e+00, 4.2634265182740265e+01,
       -1.1556048065482809e+00, -2.5939081783045587e-01,
       2.1384166679667160e+00, -4.0067507847732440e+00,
       -5.3756841560506086e+00, 4.2976017314430031e+01,
       -1.3244731054336272e+00, -3.6888202215023869e-01,
       1.7118308196328063e+00, -5.8355364996699217e+00,
       -5.6134859868524076e+00, 4.2832784101455076e+01,
       -1.0881245748974917e+00, -6.3415384801865404e-01,
       2.0039739432843646e+00, -3.4616972621360298e+00,
       -5.8367044935994832e+00, 4.2667482839223261e+01,
       -5.1174000242533513e-01, -7.4283398800817879e-01,
       2.5648362475216979e+00, 1.5891279392322494e-01,
       -4.7053485374822648e+00, 4.1094906856607267e+01,
       1.4712714641421906e-01, -7.5986844497084183e-01,
       3.0371663542024216e+00, 1.8449751287838645e+00,
       -2.5504391972477185e+00, 4.0171674541296916e+01,
       -7.1137330704241430e-01, 5.2039313242170804e-01,
       -2.5838356667622957e+00, 2.1526646946757277e+00,
       -4.5978814890741787e-01, 3.9101630501786339e+01,
       -9.1190231239364394e-01, 3.1809162077425662e-01,
       -2.1844074136184886e+00, 3.0976179871005693e+00,
       -4.3634426075632005e-01, 3.9545489009900699e+01,
       -7.6042459090522996e-01, 5.0517447330243082e-01,
       -2.6345594079161683e+00, 4.1323066605059982e+00,
       -1.1261362419560347e-01, 4.0193819218139168e+01,
       4.6177517302751997e-01, -2.0804784092517378e-01,
       2.8887188137913840e+00, 3.8291679147846485e+00,
       -2.9050459612896460e+00, 3.9457980108545541e+01,
       9.0940182352221857e-02, 2.3081824360465522e-01,
       3.1253650116282108e+00, 4.4126713094876084e+00,
       -1.0510109608129075e+00, 4.2627794021507746e+01,
       1.7195859348225445e-01, 3.5908908685504876e-01,
       -2.7464728639612042e+00, 3.1184436110639187e+00,
       -1.8681323786175776e+00, 4.0801241792226079e+01,
       6.3009847260054452e-01, 1.3383399450949982e+00,
       -2.5678557670716353e+00, 2.0812511985858402e+00,
       -2.8046588315106895e+00, 3.8431169441692113e+01 ]
